00001
01017326
01017327
01020384
01020459
01020750
01020751
01020752
01021645
01021646
01021647
01022023
01022024
01022091
01022101
01022102
01022455
01022456
01022457
01023051
01023423
01023424
01023620
01023621
01023761
01026465
01026466
01026467
01027549
01027550
01027551
01027718
01027719
01027781
01027782
02075202
02075203
02075421
02076446
02079226
02079238
02080315
02091668
02103201
02104167
02105528
02106282
02106283
02106991
02107004
02117249
02117548
02118913
02118917
02119137
02119918
02119919
02120458
02120467
02121551
02136504
02136517
02136647
02136946
02137017
02139039
