01008583
01013814
01013822
01013823
01013866
01013867
01014129
01014140
01014141
01014142
01014526
01014527
01016092
01016093
01016112
01016144
01016145
01016153
01016154
01016167
01016168
01016492
01016494
01016495
01016496
01016499
01016500
01016504
01016505
01016529
01016808
01016809
01016810
01016963
01016964
01016965
01017018
01017019
01017020
01017456
01017457
01018702
01020121
01020122
01021389
01021390
01021391
01022863
01022864
01022865
01024897
01024898
01024899
01024900
01035590
01035591
01116496
01176552
01177782
01178251
01178283
01178307
01178424
01178584
01179043
01179052
01179200
01179369
01179374
01180061
01202578
0120K705
02075518
02075631
02076614
02078521
02078522
02078652
02078653
02079572
02092604
02092605
02095944
02095945
02096007
02096304
02099953
02099954
02099961
02100057
02100068
02103323
02115179
02119039
02119627
02122185
02130553
02130807
02130902
02130933
02131174
02131432
02131575
02131616
02131621
02131641
02131642
02131756
02131914
02132078
02132112
02132168
02132286
02132647
02132666
02133232
