00001
00002
01008584
01008588
01009297
01013279
01013280
01013826
01013827
01013828
01013846
01015777
01015778
01015779
01016047
01016048
01016068
01016386
01017388
01017389
01017394
01017581
01017590
01018106
01018978
01018979
01019694
01020518
01020519
01020520
01020785
01020786
01021327
01021328
01021329
01165686
01178138
01178710
01178895
01178896
01178897
01178920
01179404
01179405
01179707
01179918
01179919
01180066
01180078
01180199
01180324
01180390
01180391
01180476
01180593
01180655
01206785
01207184
01207186
01207495
0120K799
02 76329
02008659
02075953
02075954
02076329
02088689
02092022
02100844
02101851
02116349
02117620
02117629
02117652
02117656
02117866
02117872
02119263
02119264
02119269
02119273
02119768
02132301
02132302
02133531
02133536
02133605
02134474
