01009297
01009298
01010810
01011807
01011815
01011816
01011833
01012319
01012320
01012321
01012332
01012929
01012953
01012954
01014189
01014524
01014525
01014526
01014557
01016148
01016528
01016761
01016762
01019345
01020539
01021664
01021665
01177985
01177986
01178777
01178930
01179428
01179588
01179674
01179689
02078464
02078663
02078664
02079372
02079551
02091180
02097338
02097366
02097387
02098220
02098909
02098919
02098924
02099257
02099396
02101272
02105816
02114882
02115877
02115884
02118286
02118315
02119035
02119036
02131678
02131808
02131898
02131990
02132142
02132258
02132281
02132329
02132369
02132410
02132439
02132837
02132929
02132930
02133040
02133136
02133243
62042615
PorquoiP
