00001
00002
01 21336
01008676
01011840
01011849
01014563
01014579
01015798
01015799
01016093
01016094
01016112
01016113
01016114
01016115
01016492
01017103
01017104
01017105
01018702
01018703
01019006
01019065
01019066
01021336
01021337
01022173
01022174
01024900
01025457
01025458
01025459
01035591
01176598
01177324
01177411
01178057
01178058
01178074
01178352
01178552
02051444
02051445
02072578
02072579
02074652
02075018
02076614
02076627
02079572
02082541
02082542
02084652
02094569
02094570
02094709
02094710
02095355
02095928
02096007
02096008
02098846
02099363
02099954
02100095
02100176
02100181
02100182
02103324
02103699
02105619
02119627
02119636
02119637
02119967
02120705
02130819
02131175
02131735
02131934
02131956
02132168
02132175
02132176
02132737
