00002
01015437
01015438
01017338
01019513
01019514
01019515
01020154
01020386
01020706
01020710
01020752
01021170
01021171
01021647
01021652
01021653
01021706
01021707
01022098
01022104
01022973
01022974
01023126
01023756
01023783
01023784
01023785
01025346
01087103
01087104
01087105
01203666
02075434
02075441
02075449
02079195
02079589
02089867
02089868
02090835
02095128
02095129
02095141
02095142
02104412
02105391
02105392
02105402
02115188
02115200
02115671
02118135
02118347
02121360
02133817
02134675
02135833
02136142
02136198
02136556
02136561
02136677
02136912
02136955
11087103
60016394
60016395
62042613
62042614
8958
PorquoiP
