00001
01018528
01020099
01020100
01020405
01020406
01020457
01020458
01020459
01020713
01020714
01020715
01020717
01021636
01022443
01022982
01023051
01023064
01023065
01023066
01023712
01023713
01024099
01024455
01024799
01027369
01027370
01027371
01202999
02049897
02049898
02049902
02049903
02049909
02049910
02075279
02075293
02075294
02076426
02077994
02077995
02082318
02082319
02082695
02082696
02089081
02089087
02089088
02089914
02090045
02090046
02095128
02102173
02105965
02105966
02106279
02106280
02120211
02120499
02121548
02135449
02136501
02137400
02137470
02137592
02137801
02138473
