00001
01020136
01020446
01020447
01021154
01021577
01021610
01021611
01021612
01021617
01021618
01021660
01021661
01022119
01022241
01022242
01022252
01022253
01022254
01022735
01022736
01022737
01022806
01022807
01022808
01022815
01022816
01023041
01023042
01023362
01023496
01023497
01023498
01023595
01023596
01023597
01023834
01024040
01024041
01024042
01024479
01175294
01175295
01175342
01175626
01176293
01176470
01176964
01176976
01176992
01177269
01177310
01177398
01177433
01177472
01177537
01177735
01177753
0120K024
02070608
02071788
02072359
02072743
02072969
02073127
02073128
02078977
02080539
02086194
02086195
02086196
02086274
02094524
02094525
02096878
02096879
02097049
02097450
02097587
02097842
02098610
02099444
02099449
02099450
02100316
02100675
02100684
02114779
02114841
02117727
02118886
02124492
02128871
02128957
02129205
02129499
02129653
02129658
02129674
02129893
02130047
02130600
02131973
8911
