00001
01014583
01014584
01014585
01017317
01017379
01017380
01019761
01019762
01019763
01020545
01020546
01020547
01020556
01020557
01020558
01020709
01020710
01021164
01021165
01022092
01022093
01022098
01022308
01022309
01022317
01022318
01022319
01022407
01022408
01022409
01022445
01022446
01023382
01023383
01023392
01023726
01024139
01024140
01025583
01026467
01026468
01027783
01087121
01087122
01087123
01087124
01179957
01179996
01180759
01180782
01200247
01206963
01208930
02075047
02075438
02075439
02083011
02083012
02083013
02089864
02089865
02092498
02092499
02114539
02115494
02117924
02118383
02118396
02119996
02120532
02120542
02134675
02136023
02136039
02136094
02136107
02136347
02136626
02136632
02136664
