00001
00002
01017937
01018522
01018535
01018536
01020448
01020928
01021840
01021841
01021842
01022077
01022078
01022154
01022161
01022244
01022245
01022256
01022257
01022738
01022739
01022753
01022754
01022755
01022808
01022809
01022818
01022819
01024508
01024509
01025455
01025690
01026532
01026533
01171262
01176036
01176168
01176475
01176631
01176661
01176673
01176718
01176830
01177038
01177053
01177108
0120K602
0120K603
02069418
02070000
02070001
02070024
02070229
02070291
02070382
02070749
02070750
02070775
02070929
02071022
02071023
02071055
02071056
02071068
02071268
02071353
02071354
02071771
02071812
02071813
02071818
02072222
02072223
02080349
02080350
02080387
02081424
02081425
02096884
02097040
02097730
02098389
02115051
02115569
02115575
02120227
02120242
02121087
02121289
02127171
02127527
02128433
02128465
02128638
02128691
02128700
02128710
02128747
02128853
02128897
02129220
02130127
0A022077
0A026533
