00001
01008584
01008585
01013844
01013845
01013846
01014125
01014126
01014127
01015790
01016056
01016057
01016058
01016067
01016068
01016200
01016201
01016384
01016385
01016386
01017367
01017368
01017388
01017578
01017579
01017580
01017581
01018089
01018090
01018098
01018099
01018843
01018844
01018978
01178709
01178710
01179300
01179301
01179302
01179318
01180188
01180531
01180626
01180706
01206785
01207135
01207139
01207188
01207206
01207211
02075953
02079582
02079646
02080102
02108144
02108148
02108152
02108153
02117620
02117644
02117866
02118785
02119263
02119273
02119448
02120001
02120002
02133073
02133531
02133605
02134451
02134770
02134771
02134954
02135045
02135056
