01014905
01014906
01015438
01015793
01015794
01015795
01017357
01017358
01017359
01020 55
01020141
01020142
01020143
01020154
01020155
01020156
01020774
01020775
01020776
01021165
01022982
01022983
01023125
01023126
01023418
01023419
01023738
01023739
01023763
01024437
01024440
01025346
01025347
01025348
01025384
01025387
01025388
01026334
01087547
01180487
01200146
01207205
01207341
02075050
02079195
02079211
02079212
02079589
02079590
02092297
02094141
02095128
02114952
02115189
02115193
02115201
02115702
02116848
02121356
02121360
02121361
02122164
02124575
02135051
02135833
02136027
02136198
02136378
02136428
02136536
02136541
02136562
02136567
02136577
62042614
PorquoiP
