01013824
01016973
01016974
01017015
01017020
01017021
01017208
01019933
01019934
01019935
01020130
01020131
01020426
01020427
01020735
01021083
01021084
01021085
01023796
01023802
01024426
01024427
01024428
01024478
01024479
01176131
01177281
01177357
01177448
01177479
01177510
01177749
01177794
01177960
02070598
02071237
02071238
02071243
02071389
02071390
02071644
02071662
02071663
02072572
02072573
02078851
02078852
02083210
02086544
02090995
02090996
02092689
02096211
02096212
02096819
02096820
02097338
02097447
02097448
02097580
02098506
02098507
02100358
02102478
02114760
02117720
02118092
02120039
02120624
02120653
02120687
02121510
02121515
02121519
02121520
02122100
02123990
02128955
02129821
02129840
02130039
02130239
02130340
02133297
0K071644
