00001
00002
01 15780
01 17436
01012919
01013276
01013806
01013807
01014142
01014143
01015779
01015780
01016104
01016141
01016142
01016496
01016566
01016567
01016568
01016965
01017106
01017115
01017116
01017161
01017436
01017437
01017934
01017935
01017936
01019174
01019175
01019183
01019184
01019350
01020501
01021658
01021659
01021660
01021839
01021840
01022661
01022662
01022663
01023582
01023583
01176359
01177529
01177852
01177939
01177940
01178287
01178311
01178359
02074655
02074656
02075330
02075537
02075547
02075665
02075666
02075702
02076505
02076506
02077511
02077512
02078584
02081509
02082543
02082544
02083196
02090989
02094554
02094571
02094572
02094713
02094714
02094719
02094836
02095341
02095342
02095357
02095719
02096465
02096871
02096872
02099586
02099935
02103702
02103707
02116764
02116765
02118306
02118311
02118317
02119186
02120432
02120682
02130237
02130573
02130864
02130872
02130944
02131146
02131169
02131182
02131213
02131229
02131242
02131333
02131495
02131566
02131964
473
UK017473
UK017542
