00001
00002
01008594
01008595
0101 948
01010058
01010134
01010792
01010793
01011806
01011807
01011812
01011813
01011814
01012948
01012949
01014165
01014166
01016386
01016387
01016538
01016539
01017350
01017390
01018021
01018844
01019694
01019695
01019701
01020137
01020767
01021332
01021333
01021334
01025333
01025334
01179180
01179304
01179377
01179424
01179472
01179982
01180273
01208934
02076112
02078764
02079342
02080911
02088689
02099489
02099490
02099491
02099492
02101146
02101147
02101153
02101167
02101253
02115294
02116149
02116380
02117783
02117951
02118630
02118641
02118870
02119090
02119091
02119865
02119866
02119948
02122292
02132214
02132389
02132402
02132529
02132924
02133017
02133082
02133116
02133121
02133127
02133242
02133389
02133565
1278
