00001
00002
010 7521
01017331
01018526
01018527
01018963
01018964
01018965
01019650
01019651
01020221
01020222
01020756
01020757
01020798
01020799
01020800
01022391
01022392
01022393
01022969
01022970
01023694
01024056
01024057
01024069
01024076
01024097
01024123
01024124
01024125
01024447
01024448
01024812
01024813
01024814
01026373
01026374
01026459
01026460
01026461
01026462
01027693
01027694
01027729
01027730
01027731
01087520
01087521
01087522
02075391
02075392
02080682
02080683
02091965
02093264
02093316
02093533
02096907
02100166
02100788
02113600
02137494
02137749
02138043
