01010843
01018527
01018965
01019651
01019652
01019653
01019654
01019674
01019675
01020099
01020222
01022140
01022141
01022315
01022316
01022317
01022393
01022970
01022971
01022972
01022973
01023779
01024080
01024081
01024097
01024098
01024099
01024435
01024448
01024814
01024815
01026374
01026375
01026391
01026462
01026501
01026502
01026503
01026508
01026509
01027694
01027695
01027696
02076421
02077232
02082325
02082326
02084108
02091030
02091965
02093265
02093533
02094434
02095482
02096908
02100773
02100774
02100782
02117210
02117211
02118407
02119367
02137215
02137817
