00002
01010795
01012918
01012919
01012979
01012980
01013287
01013288
01013828
01013831
01013832
01014127
01014563
01014566
01014567
01015660
01015661
01015799
01015800
01016102
01016541
01016542
01017105
01017123
01017124
01017125
01017182
01020510
01021 56
01021608
01021609
01021610
01021656
01022145
01022873
01022874
01022875
01025459
01176102
01176103
01176613
01177185
01177767
01178058
01178268
01178273
01178356
01178395
01178799
01178955
01179035
02072571
02072572
02074652
02074653
02075018
02076614
02076627
02076628
02094553
02095355
02095356
02098110
02099855
02099856
02099875
02100095
02100176
02100177
02102130
02103324
02103707
02104438
02104443
02118303
02118584
02119656
02120319
02122188
02123013
02130486
02130809
02130820
02131181
02131189
02131331
02131394
02131651
02132078
02133430
