00001
01008272
01008582
01008583
01008674
01008675
01008676
01009291
01009292
01009293
01009294
01009333
01009334
01010141
01011841
01011842
01011843
01011844
01011845
01011846
01012344
01012345
01012950
01013296
01013297
01013298
01013300
01013796
01013804
01013805
01013831
01014153
01014154
01014159
01014160
01014559
01014879
01014884
01014885
01015659
01015669
01015670
01015671
01016165
01016166
01016167
01016762
01016763
01016969
01016970
01016986
01017112
01017113
01017114
01017115
01017129
01017130
01017131
01017166
01017180
01017181
01017434
01017435
01017488
01017978
01018131
01018949
01018950
01018990
01018991
01018992
01019077
01019078
01019348
01019349
01019350
01019832
01019833
01019842
01019843
01019844
01020498
01020499
01020500
01020509
01020510
01021788
01023580
01178259
01178264
01178301
01178311
01178322
01178323
01178599
01179074
01179441
01179780
02051447
02075516
02075517
02075631
02075693
02075694
02075906
02076992
02078182
02078183
02078947
02091218
02091223
02092343
02093783
02094117
02095675
02095696
02095940
02097428
02097436
02097437
02097846
02098220
02098536
02098537
02098915
02099276
02099393
02099397
02099951
02101258
02101275
02115179
02119634
02119635
02130925
02131401
02131413
02131616
02131621
02131892
02131990
02132008
