00002
01011861
01014166
01014167
01016142
01016488
01016489
01016979
01016980
01017021
01017022
01020730
01020731
01020735
01020736
01020737
01020926
01020927
01020928
01021147
01021148
01021311
01021312
01021313
01021319
01021320
01021784
01021785
01021798
01021799
01022070
01022109
01022110
01022111
01022124
01022125
01022126
01022130
01022131
01022132
01022151
01022664
01023721
01023722
01023723
01023747
01023748
01023830
01023831
01024027
01026530
01026531
01026532
01162723
01176900
01177005
01177045
01177247
01177452
01177561
01177618
01177809
01177935
01177945
01178004
0120K103
0120K601
02070312
02070598
02071787
02071788
02072054
02072070
02073059
02092681
02092689
02094524
02096376
02096388
02096389
02096814
02097580
02097581
02097582
02097583
02097797
02097938
02098507
02098576
02100349
02118077
02118078
02118088
02118093
02118877
02120487
02122100
02122901
02122978
02124491
02128955
02129531
02129532
02129791
02130078
02130249
02130289
02130297
02130356
02130385
02130390
02130540
02130619
16488
