0102 415
01020427
01020447
01020737
01020738
01021313
01021314
01021320
01021321
01022242
01022243
01022254
01022255
01022395
01022737
01022816
01022817
01022866
01022876
01023723
01023724
01023846
01023847
01023848
01023849
01024149
01024150
01024415
01024416
01024417
01024421
01024479
01024480
01024900
01024901
01162711
01176158
01176323
01176342
01176580
01177070
01177081
01177104
01177362
01177565
01203319
02072102
02072103
02072158
02072557
02078977
02086196
02086197
02086223
02086224
02086232
02094342
02095451
02098000
02098323
02098577
02098578
02098587
02098601
02098602
02098610
02098817
02098818
02099444
02099450
02100316
02114779
02117722
02117723
02119007
02121443
02123174
02128655
02128871
02128913
02129323
02129527
02129534
02129569
02129663
02129669
02129795
02129940
02130080
02130081
02130089
02130178
02130197
02130202
02130468
02130523
249
8911
