00001
00002
01013867
01014129
01015661
01015662
01015672
01016095
01016104
01016105
01016115
01016116
01016801
01016978
01016979
01017015
01017137
01017138
01017979
01017980
01020440
01020441
01021091
01021092
01021093
01021094
01021789
01021790
01021796
01021797
01022672
01022673
01023032
01023033
01023039
01023040
01023041
01024027
01176730
01177805
01177920
01178432
02071643
02071644
02071660
02071661
02072584
02075538
02076489
02076490
02076507
02078834
02081017
02081510
02081511
02083196
02083197
02084175
02085675
02085676
02086544
02095722
02096211
02096383
02096450
02096451
02096467
02096492
02097794
02102136
02102478
02104722
02106269
02115575
02116766
02116905
02117527
02118936
02119219
02119231
02119807
02120434
02120435
02122974
02122975
02124440
02130219
02130352
02130353
02130489
02130500
02130873
02131000
02131001
02131552
02133294
