00002
01020135
01020136
01020731
01020732
01021153
01021154
01021313
01021577
01021610
01021616
01021617
01022070
01022071
01022072
01022115
01022116
01022117
01022132
01022133
01022153
01022673
01022674
01022805
01022806
01023033
01023034
01023495
01023496
01023595
01023748
01023749
01023796
01023831
01023832
01023833
01023834
01024093
01024094
01163029
01176024
01176789
01176891
01177032
01177846
0120K600
0120K637
02070312
02070608
02071238
02071243
02071351
02071352
02071393
02071788
02072100
02072101
02072553
02072554
02072743
02072968
02072969
02073059
02073060
02086194
02086223
02096376
02096814
02096820
02096878
02096879
02097583
02097584
02097586
02098323
02098507
02098587
02100684
02120487
02120654
02123990
02124127
02127165
02129829
02129851
02129893
02130040
02130047
02130163
02130600
02130619
8911
