01020433
01020441
01020442
01021085
01021086
01021096
01021097
01022395
01022396
01023802
01023803
01023849
01024421
01024901
01024902
01162181
01174962
01175172
01176136
01176224
01176490
01176848
01176930
01177096
01177131
01177155
01177172
01177252
01177486
02069893
02069894
02069895
02069896
02071021
02072145
02072158
02072557
02072746
02072747
02073128
02073129
02074646
02094342
02098340
02098602
02098610
02098808
02100675
02114787
02115423
02115572
02119007
02123175
02124130
02124131
02128164
02128446
02128655
02128925
02129503
02129587
02129669
02129677
02129908
02129940
02129945
02130202
02130545
02130550
249
8911
