01013807
01014910
01014911
01015800
01016811
01016977
01016978
01017015
01017106
01017132
01017935
01017936
01017982
01017983
01019834
01019835
01019844
01019845
01020439
01020440
01021091
01021379
01021380
01021660
01021795
01021796
01022670
01022671
01022672
01023030
01023031
01023032
01023403
01023404
01023405
01176530
01176646
01176772
01177890
01178112
02075537
02075538
02075547
02075702
02075703
02076506
02076507
02078584
02078588
02078589
02078834
02085675
02094719
02094836
02095342
02095357
02095358
02095561
02095566
02096383
02096450
02096827
02099586
02099858
02099859
02099878
02104722
02106268
02116905
02117526
02119219
02119295
02119807
02120053
02120420
02120421
02130237
02130567
02130647
02130864
02131157
02131209
02131333
02131551
02131557
02131567
02133294
UK017473
