00001
00002
01008593
01008594
01010134
01011805
01011806
01012947
01012948
01014164
01014165
01015414
01015421
01016536
01016537
01016538
01017350
01017368
01017382
01017389
01017390
01019701
01020765
01020766
01020767
01178166
01178878
01179149
01179684
01179881
01179934
01180241
01180412
01180431
01206783
01207496
02075990
02075991
02078731
02078739
02078764
02081723
02088689
02099489
02101146
02116380
02117759
02118427
02118614
02118622
02122292
02132039
02132389
02132402
02132924
02133089
02133194
02133259
02133388
02133414
02133560
02133573
02133582
02133586
02134454
