00002
01010802
01010803
01014147
01014148
01014149
01014576
01014577
01014578
01014579
01016177
01016178
01016521
01017453
01020119
01020520
01020521
01020538
01020539
01020768
01020788
01020789
01021395
01021396
01021397
01178883
01179530
01179585
01179713
01179746
01179943
01206784
02076102
02076108
02076115
02079741
02091799
02091800
02094210
02094231
02096698
02096699
02099507
02100010
02100019
02101670
02115298
02115751
02115877
02115893
02115901
02115907
02118821
02119572
02119873
02119943
02124395
02131947
02132006
02132436
02133498
02133712
02133761
62042614
PorquoiP
