00001
00002
01008583
01011832
01011833
01011840
01011841
01011843
01013805
01013806
01013812
01013813
01013814
01013865
01013866
01014149
01014154
01014155
01014885
01014886
01015820
01016492
01016521
01016522
01016523
01017115
01017131
01017132
01017181
01017435
01017436
01017978
01017979
01019833
01019834
01022235
01023580
01023581
01023582
01175289
01177871
01177899
01178297
01178335
01178446
01178549
01178560
01178570
01178985
01179255
01179263
02051446
02051447
02075631
02075663
02075664
02075694
02078183
02078652
02091218
02091223
02092343
02093783
02093795
02095661
02095928
02098846
02099394
02100057
02105616
02115231
02119022
02122184
02130896
02131407
02131413
02131665
02131680
02131702
02131743
02131779
02131914
02132111
02132605
02132646
02132850
02132859
