00002
01009296
01010793
01010809
01010810
01010903
01010904
01010909
01010910
01011833
01011834
01011835
01011836
01011881
01011882
01012318
01012319
01013846
01013847
01014523
01014524
01016151
01016152
01016153
01016526
01016527
01016528
01016983
01016984
01016985
01017453
01017454
01017455
01017456
01019075
01020119
01020120
01020429
01178346
01178581
01179106
01179370
01179381
01179396
01179657
02049280
02049281
02078464
02079089
02079371
02079372
02079741
02094210
02094231
02094896
02094897
02096698
02097338
02097344
02097345
02097346
02097359
02097366
02097426
02097427
02097434
02097435
02097845
02097846
02098220
02099199
02099257
02100430
02101670
02114871
02114882
02115877
02115884
02115907
02116898
02116959
02118822
02124589
02131167
02131678
02131686
02131832
02132006
02132007
02132196
02132344
02132495
02132837
02132929
02133664
02133712
0K097346
62042614
62042615
PorquoiP
