01008672
01008673
01014561
01014859
01014860
01014861
01014862
01018965
01018966
01019207
01019211
01019212
01019749
01019750
01019751
01020100
01020106
01020759
01020760
01020800
01020801
01020812
01020813
01021636
01021637
01021638
01022029
01022030
01022443
01022444
01022445
01023086
01023087
01023713
01024125
01024126
01024131
01024799
01024800
01024815
01024816
01027371
01027739
01027768
01027769
01178591
01178592
02009332
02049898
02075398
02076426
02079226
02080692
02080693
02080805
02080806
02082329
02082330
02082696
02089081
02089914
02090046
02104476
02104477
02105236
02115823
02116647
02117240
02120211
02120500
02120521
02121548
02136033
02136448
02136449
02137401
02137420
02137470
02137775
02137794
