01010071
01010072
01010802
01010807
01010808
01010809
01011882
01011883
01012315
01012316
01012317
01015796
01016056
01016509
01016510
01017348
01017349
01017350
01017367
01017368
01018841
01018842
01018843
01019775
01025331
01025332
01025333
01179795
01179796
01180170
01180672
01180788
01207137
01207183
01207185
01207206
01207455
02076329
02079581
02079582
02079591
02079592
02079646
02080102
02100844
02104195
02105041
02108144
02117644
02117649
02118124
02118144
02119244
02119677
02119685
02119765
02134714
02134761
02134890
02134903
02134954
02134967
02135138
04014283
