00001
01009294
01009334
01012327
01012328
01012950
01012954
01012955
01012956
01013281
01013296
01013796
01013822
01014557
01014558
01014559
01015669
01016148
01016149
01016150
01016165
01016502
01016503
01016504
01016762
01018780
01018859
01018860
01018867
01018868
01018948
01018949
01018990
01019074
01019075
01019076
01019077
01019345
01019346
01019347
01019348
01020508
01020509
01021665
01021785
01021786
01021787
01022173
01177407
01178531
01178755
01179200
01179218
01179227
01179365
01179623
02075631
02075906
02076992
02078464
02078465
02078651
02078664
02091180
02091218
02094117
02094898
02095 84
02095283
02095284
02095695
02096005
02097428
02097436
02098915
02098919
02098924
02099397
02099959
02100064
02100065
02100107
02100171
02115231
02118286
02118315
02119575
02124589
02131687
02131699
02131808
02131892
02132047
02132142
02132197
02132859
02133040
