00002
01012312
01016801
01016802
01016973
01017208
01019176
01019184
01019932
01019933
01020424
01020425
01020426
01020670
01021094
01021095
01021096
01021575
01021576
01021577
01023041
01023800
01023801
01023802
01176942
01177335
01177580
01177803
01177850
01177856
02072054
02072067
02072584
02072585
02074609
02076490
02083210
02086544
02090995
02092680
02097794
02097838
02097839
02097938
02100349
02102137
02108883
02114760
02118076
02118936
02119305
02119807
02120624
02120653
02121510
02121515
02129827
02130219
02130248
02130283
02130284
02130289
02130330
02130333
02130334
02130335
02130339
02130382
02130500
02130647
02130708
02130866
02131129
02131130
02131135
02131140
02131151
02131434
11118
