00001
00002
01017937
01018533
01018534
01018535
01020110
01020111
01020112
01020916
01020917
01021841
01022076
01022077
01022111
01022126
01022127
01022133
01022134
01022244
01022753
01023262
01023405
01023744
01023750
01023806
01023807
01024156
01024417
01162715
01163022
01163037
01171066
01171312
01175217
01175325
01176076
01176147
01176188
01176277
01176451
01176566
01176584
01176694
01176783
01177028
01177059
01177073
01177084
02070024
02070382
02070601
02070602
02070614
02070775
02070880
02071812
02071817
02071818
02080387
02081424
02081873
02095603
02097057
02097063
02097730
02098389
02098792
02114765
02114789
02115425
02115735
02120241
02121063
02121289
02121292
02123175
02123176
02127171
02128554
02128813
02128862
02128897
02128928
02129072
02129094
02129135
02129200
02129201
02129206
02129207
02129219
02129293
02129301
02129317
02129594
02130125
