01008582
01009291
01010795
01011801
01011802
01012321
01014518
01014519
01014879
01014880
01014886
01015805
01016102
01016103
01016104
01016140
01016141
01016500
01016971
01017125
01017182
01018950
01019066
01019067
01019078
01019079
01019174
01019181
01019182
01019183
01019189
01019350
01020500
01020501
01020510
01020511
01021837
01021838
01021839
01022145
01023409
01023410
01023411
01176861
01176862
01177999
01178020
01178180
01178245
01178306
01178327
01179046
01179055
01179078
02075330
02078522
02090989
02094553
02094554
02094719
02094836
02095566
02099266
02099365
02099366
02099370
02099371
02100176
02100177
02100184
02102130
02104439
02104443
02106264
02106265
02118082
02118311
02118316
02120319
02121218
02130556
02130680
02130705
02130842
02130943
02130997
02131055
02131156
02131176
02131218
02131229
02131457
02131495
02131556
02131557
02131963
02132073
02133431
