0 017572
0 018022
00001
01008589
01010799
01010800
01011814
01011815
01012342
01012343
01012944
01012945
01015416
01015417
01015421
01015422
01016049
01016058
01016059
01016068
01016069
01016387
01017572
01017573
01018021
01018022
01018699
01018857
01018865
01018984
01018985
01020316
01020317
01021332
01021334
01021335
01021336
01024090
01024091
01025348
01025349
01178901
01179125
01179288
01179347
01179436
01179866
01180010
01180070
01180083
01180092
01180120
01206786
02049278
02049279
02075483
02078175
02086460
02097355
02097356
02098534
02098535
02099492
02099497
02100019
02101153
02115294
02116148
02116161
02117775
02117784
02118624
02118625
02118870
02119251
02119252
02119852
02132214
02132529
02132633
02133023
02133033
02133122
02133254
02133275
02133282
02133486
0401869
04018699
1278
