00002
01008589
01008590
01009296
01010800
01010801
01010812
01010813
01011802
01012343
01012344
01014147
01016049
01016050
01016177
01017581
01017582
01018699
01018700
01018701
01018702
01018857
01018858
01018859
01018865
01018866
01018867
01019658
01020537
01020538
01020768
01020777
01020778
01020788
01021394
01021395
01024091
01024092
01024093
01037250
01178475
01178992
01179394
01179476
01179885
01179924
01179938
01180031
01206786
02075483
02076102
02077255
02077256
02078 64
02078764
02080911
02092601
02092602
02097340
02097341
02098535
02099199
02099498
02099501
02099507
02115751
02115892
02115900
02116156
02119847
02119852
02119872
02119943
02133018
02133449
02133465
02133498
02133753
02133761
02133778
