00002
01020131
01020132
01020436
01020732
01021148
01021149
01021612
01021613
01021618
01021619
01022076
01022111
01022119
01022439
01022440
01022441
01023262
01023750
01024887
01175345
01176519
01176741
01176742
01176794
01176894
01177475
01177483
01177489
02069896
02069897
02069898
02070614
02070880
02070928
02070929
02071054
02071066
02071067
02072145
02072146
02074646
02082012
02097039
02098406
02098792
02098808
02098819
02098820
02114783
02115735
02118264
02120382
02123175
02127754
02128164
02128446
02128862
02129200
02129292
02129363
02129503
02129587
02129594
02129908
02130518
02130525
249
