00001
01012381
01013280
01013281
01013819
01013820
01013821
01015413
01015414
01015420
01015421
01016510
01016511
01016536
01017359
01017360
01017368
01017381
01017382
01017570
01017571
01017572
01017590
01017591
01017592
01017594
01017595
01019652
01020786
01020787
01020788
01021330
01021331
01025332
01178165
01178166
01178367
01179163
01179177
01179934
01180089
01180288
01180344
01180499
01180517
01180534
01180560
01180629
01206782
01206783
01207207
01207496
02075568
02075569
02077252
02077253
02078731
02078739
02079339
02079340
02081722
02081723
02092499
02101851
02102828
02102833
02117771
02117772
02117811
02117872
02118447
02118614
02118621
02118963
02119450
02119451
02120024
02132327
02133193
02133388
02133426
02133582
02133586
02134475
32075569
