00001
01015410
01015411
01015412
01015413
01017314
01017315
01017316
01017328
01017329
01017330
01018085
01018086
01018087
01019523
01019524
01019525
01019526
01020391
01020392
01021168
01021169
01021170
01021639
01021640
01021641
01021650
01021651
01021652
01021712
01021713
01021714
01022024
01023122
01023123
01023124
01023125
01023133
01023134
01023135
01023603
01023604
01023780
01023781
01026475
01026476
01027757
01180333
01208929
01208930
02091677
02095138
02103203
02103766
02105530
02105540
02106840
02106841
02108541
02118372
02118382
02118383
02118394
02119920
02120213
02120223
02120526
02124563
02136256
02136310
02136365
02136856
02137223
02137452
02138276
