00001
01017316
01017317
01018087
01018088
01018089
01019760
01019761
01021164
01021638
01021714
01021715
01021716
01022096
01022097
01022098
01022137
01022178
01022179
01023125
01023135
01023382
01023789
01024139
01025433
01025434
01025583
01026476
01027372
01027757
01027771
01027782
01027783
01087121
01208930
02058380
02058381
02083011
02085468
02089864
02089865
02091099
02091100
02095138
02103766
02108541
02117924
02118205
02118372
02119989
02120526
02120532
02136310
02136328
02136346
02136626
02136632
02136664
02136675
02136856
02137452
02137462
02137463
